4.789433380575482402e-01
2.817461528302024898e-01
2.749916334321240163e-01
2.289128789353159221e-01
1.241212756734077355e-01
1.198271246605513152e-01
3.328827156076712979e-01
2.863497470141551093e-01
3.779841109373772712e-01
3.312856501945190546e-01
6.987668883075148774e-02
2.466741099822279959e-01
2.228955458351767893e-01
1.882106804362267682e-01
2.961015231428509170e-02
1.181097536905498097e-01
1.526765727999654099e-01
4.570018712960775553e-01
2.204868632651856841e-01
3.536071020745295002e-01
1.076572215011770417e-01
4.987914899126098534e-01
5.079647857964770807e-01
1.869795141378966796e-01
4.269860851488666009e-01
2.668932127310729707e-01
2.522752088834686601e-01
3.093621681249876243e-01
4.683666812355768427e-01
9.093708946496016632e-02
2.179570164795564258e-01
2.373722615582426754e-01
4.292135883346022140e-01
4.208519969055002363e-01
4.645747934988727623e-01
4.833378218776818169e-01
1.608068409981013580e-01
7.652506774790499011e-02
3.835832584688151914e-01
3.474888101701519849e-01
3.800624646709969690e-01
1.889946734586309407e-01
4.058024425292823811e-01
2.884518075188074460e-01
3.274972342992487628e-01
6.146799240477509585e-01
9.511743199758383727e-02
6.370329344148579764e-01
1.156986254877315767e-01
4.740707697846840429e-01
1.513259269744353930e-01
1.064026117619911171e-01
1.060613895244589128e-01
1.311017365798315681e-01
5.333639527554454585e-01
3.562661934365183858e-01
4.564873518307750455e-01
1.947881053983387678e-01
2.341278875088124711e-01
2.719362811377174505e-01
2.972929171868610165e-01
6.655878498496475837e-02
4.899647612979195488e-01
1.290154748411428964e-01
5.451541927273270138e-01
4.008232666528607213e-01
4.080553829055946213e-01
1.064313147359146478e-01
8.157696543241876874e-02
1.803351126950841765e-01
3.980920813412243686e-01
8.006682915424297164e-02
1.287264421615645360e-01
2.825018641291462407e-01
1.216450298919597439e-01
5.036992883408408783e-01
2.048514195433492335e-01
2.354770194411182904e-01
1.118349938217844119e-01
1.241570161108505321e-01
1.886493597320469673e-01
1.286643037951196999e-01
1.536943052813672106e-01
1.285316666554306153e-01
2.525298660323788691e-01
5.061909123390649912e-01
1.879373860250393713e-01
3.164238045785376374e-01
2.412894039665795520e-01
2.363605373208246541e-01
1.247207252034671088e-01
2.903431832331719309e-01
1.416384733545322239e-01
1.538812324521991182e-01
3.523609392716019473e-01
6.810259833711926336e-02
3.022707463795338834e-01
2.106885434275552749e-01
3.960495899854722390e-01
5.887981897504260820e-01
1.476811614209946055e-01
1.595599592417730472e-01
1.961099350548521358e-01
1.585147298251382217e-02
5.191792079282153693e-01
1.827018919718896017e-01
2.046473806071293922e-01
1.430916445312791496e-01
4.994507127583066586e-01
9.269763737563470329e-02
1.566320471424111904e-01
5.210668042668795824e-02
4.011846806149476086e-01
4.735046041815471618e-01
5.024090781917618376e-01
2.979582792246578959e-01
1.898899912663152001e-01
3.753882358725965651e-01
2.682161699781120956e-01
1.472675878697148055e-01
5.924196108902266555e-01
9.032547448461784867e-02
6.511214539840977089e-01
1.398452271056895013e-01
2.006962909371465542e-01
1.802562855551810561e-01
2.619959553959560483e-01
1.607929009181394420e-01
3.516600585958921110e-01
5.107126304164931740e-01
1.021181041600571493e-01
2.654380493120824802e-01
3.193074333946575860e-03
5.547365038545872817e-01
5.032987099706072165e-01
2.663515365542181712e-01
2.904682827648246146e-01
2.447196053226707302e-01
3.884064950766477065e-01
3.352493252882757790e-01
5.002412695546493149e-01
2.480129971126505961e-01
4.069629040789197738e-01
2.547516812626089977e-01
8.752399050356235444e-02
7.069835433886119402e-02
2.408212015436893283e-01
4.983881646344933136e-01
3.803389764415250340e-01
2.554521723546256395e-01
6.542453342627010393e-01
1.076574423245584416e-01
3.340883505784207341e-01
4.886749937452922188e-01
3.238855448858271591e-01
8.917459883638041707e-02
5.228577345255132069e-01
5.307177012663192445e-02
3.342696953455109310e-01
4.051475572866220509e-01
2.162053839155918811e-01
7.772333257793490047e-01
3.164466536444212053e-01
4.343040377697629517e-01
3.392307199487331615e-01
3.293133729195250603e-01
1.378887774336949867e-01
2.707798643305771025e-01
5.259621528856689432e-01
5.485406554527921807e-02
1.603805190371729028e-01
1.603012508744184328e-01
3.176352874353086664e-01
2.058553053899893626e-01
3.030045716312339543e-01
1.099700704947717961e-01
5.798151145497679737e-01
3.321644868469963430e-01
1.776375769461161491e-01
4.999934674012685432e-01
1.637550242833817338e-01
2.645133182056411680e-01
3.517002769053881317e-01
4.824367619097513216e-01
1.251068205714884474e-01
5.107833030913369043e-01
3.808766801119996548e-01
4.572463297731965137e-01
3.938105508063659554e-01
3.035497488689855583e-01
4.459303204600430504e-01
1.932615224656505371e-01
4.429243131233188135e-01
5.750083569135132633e-01
4.339361468687449319e-01
1.524966385201709240e-01
1.047858862894722881e-01
1.395682141171819546e-01
2.174529924951181248e-01
4.900938065989767223e-01
5.385996089172790935e-01
5.018828363995484626e-02
5.079209196998504261e-01
4.027902742260335844e-01
6.182836067528278967e-01
5.304118611771492242e-01
2.306434683751322490e-01
2.875424442235701705e-01
3.918125238492176643e-01
4.466911931926018098e-01
9.283476203116768077e-02
3.502819265715335084e-01
2.043953378299412094e-01
1.334453311910126228e-01
3.279046082735588286e-01
7.215314329563904394e-02
1.316776201667696766e-01
1.516986937944831693e-01
5.071757960149666372e-02
5.975942355387063865e-01
3.126557906830294553e-01
2.003805349518533174e-01
2.441750547028322671e-01
4.233307303072891825e-01
6.316341824844430297e-01
5.752830573454663643e-01
3.042052146174421545e-01
3.627543238422351046e-01
2.513430923893343882e-01
1.630521149164185502e-01
4.271854920696032121e-01
2.290053509274178889e-01
2.729242586687071759e-01
5.742646341816587396e-01
2.022245803589834134e-01
1.615944404358586606e-01
5.204428161778182904e-01
3.349834231756872172e-02
1.057374812842961087e-01
2.809706609063134519e-01
5.175644989588760181e-01
7.897399824137065760e-01
4.938413482122831488e-01
2.488447735264861238e-01
4.264186269876940050e-01
3.129452632701206216e-01
1.463257817884246470e-01
3.007528326207077884e-01
1.955920210543654059e-01
1.208371554739408743e-01
4.342001635793339975e-01
5.643214990833786415e-02
4.783057073901432477e-02
3.416259761638341108e-01
3.332193296020412032e-01
5.802010424566084179e-01
4.471938539950633951e-01
1.835546268608586329e-01
4.286829400897668729e-01
3.906767273549013320e-01
2.221783101436889396e-01
2.078303692496805410e-01
2.794766216015872606e-01
4.543186379382889717e-01
4.062535668674176481e-01
1.073413817527762715e-01
1.752423240469237475e-01
3.591240164100568122e-01
2.387678161964288948e-01
1.881890522899749008e-01
3.862198294218989747e-01
2.241226245506284798e-01
6.545776030266915457e-01
9.631119730409659629e-02
5.991156629245997234e-01
1.533415813084375301e-01
1.774911595556343535e-01
1.192401982155816831e-01
1.758558747009512646e-01
1.281609226148027469e-01
3.812191221609589342e-01
1.681483934367288824e-01
2.119941350635085042e-01
1.123180585179781865e-01
4.089537823280544604e-01
2.829016337289850247e-01
3.616810294882817911e-01
2.730774678250167953e-01
3.214146684279624577e-01
4.189480785263307583e-01
1.668348857694288701e-01
2.579904700046394828e-01
1.842159667231355880e-01
4.074922717717254228e-01
4.001343781565067093e-01
2.220341744292414210e-01
3.967230658681240585e-01
-7.546003673659461405e-05
4.062729900092842406e-01
3.277661896787160689e-01
1.242542366862801114e-03
6.317928957556077085e-01
3.013192468137327884e-01
2.763561726264406326e-01
4.226479916889201993e-01
4.623869783749573470e-01
6.532703692686585573e-01
2.146636348157611451e-01
3.712243963624203280e-01
1.360013379129405009e-01
4.015874441899521252e-01
3.592616907260609005e-01
1.505808223849382788e-01
2.272898236868858002e-01
3.299385845046618471e-01
4.065095509354771375e-01
3.592438155232659525e-01
1.250357428052948638e-01
2.036079478484748850e-01
4.418165880235484511e-01
3.260448855102127674e-01
4.253840365235186383e-01
1.668387028332344035e-01
1.334833923015389667e-01
5.467054332639927905e-01
3.108206549301982813e-01
1.049317877930282111e-01
3.162740787201505088e-01
2.256212899119686977e-01
5.004684924528111090e-01
1.970703616338703168e-01
2.615225686120209447e-01
3.424428555182780221e-01
3.156669003447210020e-01
2.533209714722279848e-01
2.725958070300799063e-01
3.597900790823266304e-01
1.554350926485758011e-01
4.109746670403404134e-01
3.242324587111010681e-01
2.029759983597790307e-01
3.665478701624764746e-01
3.856466131665568509e-01
3.356394102087226217e-01
2.183054838745715487e-01
3.703288777258654241e-01
2.370340563183007399e-01
2.580543077286768794e-01
4.469886744755963148e-01
1.015285075860892089e-01
3.414108728209890309e-01
3.975111366186310780e-01
2.297693168665099206e-01
8.056124122897359574e-02
2.286023548046718645e-01
2.146200151743606621e-01
2.891900357684596412e-01
3.578730613127049931e-02
4.920125117489416722e-01
1.114998039889666809e-01
3.027494998084380717e-01
3.007118460078028188e-01
2.230829138910136178e-01
2.444591663389559244e-01
3.084507359971564444e-01
1.291640974383278795e-01
2.586140251463892037e-01
2.727879470326670108e-01
2.650303783190047224e-01
6.597818154210964570e-02
2.593256599757289838e-01
4.381096320128386457e-01
2.179845615482624843e-01
1.664202094347895788e-01
3.735443367184753671e-01
3.218765412045620500e-01
3.556849319245591889e-01
1.720773129228858889e-01
1.862238678701603201e-01
2.211649661768956832e-01
3.129825714481660470e-01
1.621492277830097750e-01
8.883764711462410757e-02
4.584324160540367288e-01
4.030882699404290670e-01
1.001684785356499463e-01
3.836326594803957657e-01
2.835401543903964816e-01
1.159073576765778518e-01
6.610796278878950938e-01
3.129507904110437333e-01
5.783137591318987525e-01
2.583830855401190729e-01
6.354977983235110539e-02
2.174593640383721826e-01
4.409329790427197748e-01
3.352721875427668308e-01
2.314411659511638464e-01
9.458404018684507530e-02
4.792217028839659831e-01
1.626379918557389059e-01
1.743526638066541512e-01
1.021739350987354994e-01
1.435236967194022384e-01
7.758925915761026859e-01
3.332377525770445215e-01
1.597634861997324351e-01
2.621846440968114700e-01
2.557350656789336707e-01
1.909260968345617704e-01
1.916675507034819315e-01
3.572179213563931865e-01
6.766434160342288048e-03
4.287127957886653906e-01
4.911695706904972702e-01
2.667965321481720609e-01
6.929382813868679714e-01
1.763058282841557523e-01
3.251475287209797949e-01
1.713606938861555185e-01
1.374342422551627918e-01
4.141228092303672059e-01
1.236873485554137037e-01
3.458843082205961816e-01
1.908993863848293393e-01
2.200689602678690404e-01
4.008153719929960501e-02
5.062452222590425599e-01
1.511387351265393586e-01
3.220494329854369786e-01
2.056564103905195728e-01
3.606269081385131137e-01
1.262620492563045760e-01
5.051184435479456614e-01
3.662821365981295263e-01
6.511437924689413848e-01
5.332122120150161182e-01
3.331479261580274076e-01
1.330949106052847497e-01
2.006445602899097902e-01
5.231769498964213838e-01
3.178188929170402965e-01
2.662728827895729511e-01
5.672086821295170278e-01
4.796964704176413519e-01
4.121859741057267712e-01
4.865177115277762310e-01
8.646915301003285648e-02
5.164687266979509639e-01
3.919923313766103812e-01
1.736416713096394226e-01
2.289708906658108334e-01
3.905621646437086869e-01
1.596333286004892327e-01
4.927586136745967238e-01
7.470914602862800680e-02
4.461651901810588239e-01
9.876778568502246614e-02
3.249995676482343998e-01
1.140285170497166295e-01
3.954329766598290163e-01
5.344727199764202907e-02
1.459935912660342561e-01
1.477418575561614544e-01
7.803748477670988670e-01
1.387073867030995944e-01
5.306087793695128951e-01
5.513780728470878412e-01
3.691895153218150427e-01
3.272484249129675726e-01
2.278952045633302892e-01
2.463404812846612391e-01
3.123104430823091526e-01
5.264404213940970800e-01
3.328006014924184686e-01
4.179957605670012177e-01
4.882392255251605806e-01
2.007672170913812337e-01
2.542328044842103729e-01
8.513571740079246830e-02
3.972716119181226024e-01
1.501464447786753087e-01
3.024763398285464366e-01
4.286183561766641059e-01
3.240532700455242554e-01
8.935856352407985093e-02
9.127205176147397403e-02
2.024820033737912972e-01
1.483999913621260047e-01
4.014915099753457728e-01
8.650642884032225255e-02
1.963497153428268305e-01
1.611537657736255846e-01
3.359868480680525682e-01
4.246776013312812958e-01
3.106470235618344899e-01
5.011689319468597414e-01
5.842338688399217883e-01
3.509129131145896641e-01
1.571255438520716696e-01
2.733309946299617432e-01
4.698278673277103690e-01
2.030060738973917811e-01
3.869274257998969180e-01
2.054339391248985180e-01
5.773590780213398999e-01
2.594633943137295007e-01
2.080108880184945719e-01
4.372065755060574599e-01
2.256114531947817359e-01
1.034551871286924912e-01
2.901240828763620438e-01
2.593436890271696438e-01
1.365810370933306928e-01
7.326486429854655036e-01
2.882193799895921837e-01
2.890772321509394449e-01
1.946372203194500217e-01
2.050698088324934276e-01
2.534440150184778529e-01
3.735851644411107286e-01
2.316466218687673051e-01
3.179891459206512505e-01
1.323130000666616624e-01
1.556727235619945193e-01
4.137637900416312742e-01
3.035144925650806180e-01
1.862668628841763485e-01
5.562502119748616858e-01
1.840352750388484504e-01
6.761121394933352624e-01
7.662802939432051819e-01
2.566031890835707707e-01
2.397621184040601705e-01
1.630555103173932652e-01
1.369334248526195841e-01
1.736040397966696625e-01
2.374255106468489696e-01
4.895696357115122410e-01
2.968207847564523494e-01
6.676332989161261333e-02
2.922499316441073414e-01
2.453397578287622727e-01
9.269534070668555836e-02
8.168957580786292971e-02
1.982496871638266545e-01
1.935784888231989465e-01
1.565869969961070085e-01
6.345604415782958307e-01
3.919284696307687166e-01
6.668225313030825552e-01
5.991797464189940747e-01
2.123250718185163213e-02
3.545638358460268535e-01
6.104214053611087820e-01
8.762758434643749816e-02
3.371263996613250713e-01
1.932986499626922761e-01
5.134139854961620175e-01
1.786588203281836568e-02
6.845883728056499640e-02
1.980767211268778527e-01
5.462749774845786499e-01
8.109775597580050344e-02
1.923808346546192483e-01
2.298370253696115639e-01
1.525407294413893278e-01
5.463690894539269260e-01
2.007578792258653544e-01
1.475378804916415432e-01
4.723177862831635099e-01
4.629024117246807180e-01
3.493498826734151019e-01
1.990643026680698480e-01
3.182262394868910493e-01
1.628448190165299181e-01
7.837374648374871577e-02
9.861148422148406645e-02
2.893074736676542469e-01
1.528472217350984874e-01
3.552942460379311385e-01
3.665817268599719236e-02
1.832354382580455299e-01
2.092271118819127584e-01
2.806663522158893698e-01
1.324934141906894125e-01
3.614337472977635080e-01
4.826665672076857483e-01
1.009631410432988846e-01
1.393974426465794392e-01
9.666598101208817573e-02
7.283677646084237844e-01
4.376355327487504443e-01
1.253088928095013876e-01
1.132786987107283067e-01
2.067815143806085443e-01
1.322615249794192593e-01
9.787826058976295540e-02
1.158811622637338640e-01
4.055576140366827231e-01
3.973552879173875008e-01
1.530359221393753910e-01
7.579833333213933932e-02
3.557865185482620984e-01
5.341035269711309069e-02
2.336187740397197288e-01
3.366995023686028543e-01
3.168016397045579358e-01
1.539878181411775682e-01
3.773422530299686550e-01
2.512315023405171099e-01
1.333038439550348342e-01
8.998717820454465999e-02
2.922910090138878814e-01
4.202110732976808705e-01
9.708263152959945019e-02
7.729416632662353681e-01
2.155229190188156785e-01
1.796417439812957872e-01
2.325880261111063774e-01
3.273812894186046707e-01
3.246270688543232974e-01
6.195358235859301788e-01
2.256475082317810910e-01
2.155292033787226946e-01
1.058930713729587941e-01
3.252745117523113683e-01
1.813088953372715972e-01
1.358564904348079638e-01
3.406527112201584995e-01
3.253254918361437320e-01
8.675363535704409823e-02
3.853614147300257753e-01
1.400423802560567255e-01
4.445191616595524087e-01
2.892782895659931075e-01
1.982113241983808893e-01
2.330043643751638638e-01
2.830702344399170789e-01
5.446349394126368537e-01
4.622044649689159290e-01
2.237534276440434622e-01
7.821229417535308093e-02
1.293572276874876692e-01
3.473057500346010129e-01
2.375485071421416794e-01
4.279094839978426212e-01
4.892610110926163824e-01
1.952260198525503643e-01
4.403013591922806946e-01
2.374103559632798066e-01
3.868096783046418574e-01
2.360629037722790369e-01
2.554745240699013986e-01
4.356779402212153651e-01
5.765710675190839352e-01
2.147731128166430747e-01
1.722779367326264799e-01
4.415187761806745048e-02
2.872541824009562372e-01
1.260014240323968082e-01
2.306596453376936473e-01
1.003062651704272473e-01
3.650545032568513482e-01
2.431187724084715451e-01
4.644512353425452877e-01
3.871289485346723347e-01
1.285665626914406223e-01
1.226133213192754923e-01
1.167814958976486489e-01
4.179145563072134695e-01
2.051528561441002541e-01
3.955660676759590322e-01
1.998725294072451475e-01
5.810515354391458942e-01
3.166094832631389244e-01
1.821397994370365370e-01
1.513901649818842066e-01
2.747619737042947818e-01
3.917910675977926416e-01
2.798247862366145533e-01
2.388448497719278807e-01
9.336457379184119609e-02
3.535895042846862180e-01
2.076895073761125809e-02
1.735041003431562756e-01
3.038978976227213469e-01
2.469785728561591509e-01
2.398661118825024530e-01
4.355602821008145442e-01
4.297955778415544215e-01
2.760392075595022310e-01
3.013429660832789292e-01
1.764314797584526084e-01
8.791730586425651472e-02
1.313840608554059930e-01
2.692522552091414223e-01
4.057498062307863251e-01
9.398285817324919522e-02
2.234658804393625797e-01
2.943592325916507546e-01
3.917090745764351678e-01
6.178968452690171143e-01
4.671579799483167872e-02
1.791788854301064882e-01
2.335453383589810028e-01
1.760574379510550791e-01
8.430019990253327655e-02
3.953233843008106541e-01
3.392663466073999601e-01
1.451166278580529878e-01
1.908824781108928170e-01
3.422114107092910640e-01
1.436316558504328322e-01
7.164715514261774110e-02
6.411667033946731598e-02
3.100333131850612212e-01
2.462314552446777938e-01
3.424362407346993598e-01
3.909132548741025559e-01
5.182309652103055976e-03
1.962043827503141477e-02
3.279765081350674572e-01
4.508317048957015682e-01
2.144200331523986869e-01
5.486046229670255014e-01
7.054425429297713768e-01
2.160497940122668714e-01
3.425389062886208813e-01
1.753606410247005032e-01
3.263331816185882639e-01
1.411237447544605728e-01
3.730966771604747600e-02
2.794024286048625294e-01
2.100348205227432208e-01
1.547717936319867871e-01
7.619775290801990286e-02
1.276545469022516421e-01
6.015378301128801453e-02
2.196279139897312216e-01
2.406902848033538878e-01
2.600029737986981893e-01
1.010625029211666137e-01
2.051770671370004573e-01
1.462900846724954629e-01
2.448977218068600636e-01
3.628619773796505354e-01
5.734607333718945155e-01
1.748975306308741262e-01
4.089447776556106029e-01
1.688015126481856865e-01
1.977242175641306110e-01
3.174966959401523403e-01
4.885364334290133170e-01
3.059495779395267623e-01
3.392718636748625616e-01
1.691926955503518237e-01
4.179959616149233614e-01
6.800891337814933546e-02
2.251707078386094019e-01
5.073285843571737619e-01
7.002659203399088650e-01
2.251301808159026641e-01
2.344339461003255576e-01
1.343808945218038231e-01
6.336285676134560674e-02
2.366204960098245991e-01
3.731103044262409907e-01
-5.261113905045715008e-03
3.082217640354902310e-01
1.750562753770899538e-01
3.499009849817927287e-01
5.117958840509928553e-01
4.909437837653420900e-01
2.532598413083989586e-01
2.500841972225817389e-01
4.093042169143121800e-01
2.364561971093162920e-02
2.327811284458718710e-01
3.216627282461190923e-02
2.403603844594067451e-01
5.954049944241788239e-01
3.452915657309227893e-01
3.423102261145344327e-01
2.996747119703433437e-01
3.234175723953563453e-01
4.076717670768485458e-01
1.687043910832929650e-01
5.481785528808308383e-01
1.772314826019959211e-01
2.251887748565387648e-01
3.408444692881261728e-01
1.391689015428251297e-01
2.644734864664923246e-01
1.017224356175348565e-01
5.522178933611525675e-01
3.367881140058306966e-01
7.625413632931150876e-02
1.750506452899009968e-01
1.683256194027917818e-01
1.208341319118198809e-01
2.832858526472591398e-01
1.025288306061374610e-01
2.483827846988700960e-01
1.783165449520311419e-01
4.815175776234259519e-01
1.332424377996015152e-01
3.936077584618742353e-01
3.904681921360707575e-01
1.446666248512084585e-01
3.141177595644720766e-01
3.658759535499226390e-01
1.540830734777369759e-01
4.607706882373393542e-01
3.990607426776899280e-01
1.217388360606884989e-01
1.560200789168575963e-01
1.713907310605986278e-01
2.310476858629148533e-01
4.611021387801026994e-01
4.870663111564500491e-01
3.121307902524286804e-01
5.615190260764535424e-01
2.402024390942553433e-01
2.764748318260162874e-01
3.088556662450331891e-01
5.974583798871536677e-01
2.515621512840405805e-01
2.754585135910617155e-01
1.941120758629404919e-01
3.091286733403459386e-01
3.083730347749533696e-01
5.431814645241298534e-01
5.296895954771457804e-01
9.882093286944040877e-02
1.546931797648810614e-01
2.647483431329112902e-01
2.522583550285207796e-02
4.194542613571364265e-01
3.771759525676992575e-01
1.479495677080753246e-01
5.418409144511625586e-01
3.466324684645654686e-01
2.521794925666005494e-01
2.853809943731817067e-01
3.490894972134073182e-01
3.506158622346088882e-01
2.246039669371140413e-01
1.956294510345242821e-01
2.443345587643415973e-01
3.525869167867736187e-01
1.988612349368797383e-01
4.192018240675145224e-02
3.440715825594708455e-01
5.818934044391248506e-01
4.069536549175132301e-01
1.832821192452291637e-01
2.405436364450693754e-01
4.478746883483026853e-01
6.478737460454773167e-01
2.635869618852478835e-01
1.038073650496008776e-01
3.006364953405507023e-01
1.300786017364637948e-01
2.477486484914533105e-01
1.982511111384567815e-01
1.397667376397630778e-01
3.424112241564425951e-01
1.944951137004213848e-01
5.032831134718929178e-01
5.300241624279412589e-01
2.138106520514195252e-01
3.877966596085373197e-01
3.517049980130914633e-01
2.333106246909186499e-01
7.625776067943761116e-02
-1.840792952903521143e-02
1.065007471739424921e-01
6.083708492502680754e-01
1.043815655990699282e-01
1.497115634947659424e-01
3.547497438158437322e-01
3.042847454178135846e-01
4.588195881489693512e-02
3.294716327890144236e-01
3.556887611321004061e-01
1.479989102207519280e-01
3.376296934126641336e-01
1.985020651325714591e-01
4.732268241169471090e-01
2.583700320513903081e-01
2.750827990044087401e-01
6.510685089151027061e-01
6.893746313958019067e-01
4.221545100628134040e-01
5.157218111693756546e-01
1.610713937077458136e-01
9.025862577504850659e-02
1.949062665462499289e-01
5.199589817750360776e-01
5.147964932718168685e-01
5.705639973064360326e-01
4.330556129109444652e-01
3.232050144504657330e-01
8.059073202452669837e-02
2.980291440437312089e-01
3.661651631153178821e-01
4.031892804855272128e-01
7.939851901490269093e-02
3.069207383568371972e-01
1.973956058318202811e-01
1.130687002931881485e-01
3.315309438315729995e-01
3.610400877510717144e-01
1.541562213082347532e-01
1.698804869763901326e-01
2.869851103725991615e-01
5.954956088630235234e-02
7.913786564610106322e-02
6.123457330076766125e-02
6.590993745780701629e-02
1.618540143662173525e-01
4.053836654776590276e-01
6.396795850977533837e-02
1.050709742111326506e-01
4.825941513402924321e-01
1.848282448734399619e-01
3.118197578844194018e-01
3.428428161219143067e-01
1.139347560924293817e-01
8.909654892515353475e-02
3.269372592771486730e-01
2.312676542950352077e-01
4.097753807809180748e-01
2.375180780347433684e-01
3.361685807438777318e-01
6.343685271554218019e-01
5.377605627737062077e-01
2.894143076566049189e-01
7.968041548026053578e-01
2.147629821488198920e-01
4.467049405966448394e-01
4.189012350663192108e-01
1.123652113373190958e-01
1.516325914392765428e-01
2.775425619344745187e-01
2.266944403216151760e-01
2.643404690234255616e-01
1.563784464382240447e-01
2.512702909647681060e-01
4.522523981611072941e-01
1.465042651334816926e-01
1.544824412938969604e-01
2.165224586785239047e-01
5.465900538936127040e-01
5.719002835880901969e-01
2.468664483259037645e-01
3.009200419604339261e-01
3.569440506619763753e-01
1.889830017975392407e-01
3.852656101884008866e-01
5.788227658612189463e-01
6.175994682893910515e-01
2.302760330010910350e-01
1.474903524034725799e-01
6.442040974562422972e-01
3.720984407949090023e-01
2.133727048598588472e-01
1.473182897177813810e-01
2.661081183115885929e-01
2.438921485130524369e-01
1.235058507565921088e-01
4.081686251093257778e-01
3.398828014021341715e-01
4.141252080967170596e-02
1.568883796237001693e-01
3.107486094995799419e-01
6.179752474415655117e-01
9.100863787169369279e-02
1.043228044520729397e-01
1.034210177857592533e-01
2.179995480065212432e-01
8.048019634796687027e-01
5.435759667973038417e-02
1.571985014648981382e-01
1.682183283816712227e-01
1.357023560851709776e-01
1.616487495613310454e-01
7.066561232251391544e-01
2.348554631115898628e-01
2.120802689830976195e-01
1.035883055303707806e-01
2.375340195649838226e-01
5.983001365237493596e-01
4.289080562265387697e-01
5.823591778584487344e-02
2.737310855274522337e-01
1.235106969412912564e-01
3.798463004659383691e-01
8.028176503133255260e-02
3.529508238719462621e-01
2.680249488188776175e-01
2.280853144699853119e-01
2.498455779805308918e-01
1.832479319427847420e-01
4.049207332407330773e-01
1.172287848917405867e-01
-9.801778434761923217e-03
2.789190335877604343e-01
1.068936453925416336e-01
4.178817146170462071e-01
9.553767047966103820e-02
4.505141442584096323e-01
3.856245137251070321e-01
3.431931228498088515e-01
8.145513300243462096e-02
9.590427500579776221e-02
3.152159451299165749e-01
2.699654592149794419e-01
1.474155532885635111e-01
5.519170309411830511e-01
2.908545608399935589e-01
1.860110708127130641e-01
2.567123291688040432e-01
2.761365040935193083e-01
3.842297288679711320e-01
1.323728503692417069e-01
5.281119123108200114e-02
1.263277806648762658e-01
2.804366956143901080e-01
2.090536484118736549e-01
1.198341780801992912e-01
9.486793962996009633e-02
2.177686954359997762e-01
4.857680762583084788e-01
2.199630863586511109e-01
1.230168172708800411e-01
2.382955571560691765e-01
2.206143962640566003e-01
1.974961052491639446e-01
1.093225603661013984e-01
1.897654480716257364e-01
2.708587788977090405e-01
2.815125526361498820e-01
3.070951588079030015e-01
1.342283898966626088e-01
5.705995182453967862e-01
2.997103305495649184e-01
4.514041244413996568e-01
5.260819410995409839e-01
3.171161520248036436e-01
3.717471900030921983e-01
1.006738328889338480e-01
3.165943866319840261e-01
3.900990573286065022e-01
2.168799534767450465e-01
3.703527787335507138e-01
1.827896688584340623e-01
5.269921301408925229e-02
8.813101995636027364e-02
4.702320137362380192e-01
6.064172145304471684e-01
2.789759711528289610e-01
5.070971442664158335e-01
1.667895678876277488e-01
3.105735474061687151e-01
3.117454519472497299e-01
3.885452570491524926e-01
1.328622238346317541e-01
6.930148668370564868e-01
2.862687016873372015e-01
2.449550529645262709e-01
6.231159161715906780e-01
5.399274051990978762e-01
3.830837986275611451e-01
2.255897235445174787e-01
4.930815797405578849e-01
4.604630759041988264e-01
5.053011472906189239e-01
2.574569605493516322e-01
7.539269560967354344e-02
1.428629027421855213e-01
4.739485781956442878e-01
5.601179210144187071e-01
1.360250200544181054e-01
3.664381832088876578e-01
3.159686540386056341e-01
1.986107791614720175e-01
3.941403340143512235e-01
2.879902237209239768e-01
2.019577284579117393e-01
3.879090061162017711e-01
1.684274564672094687e-01
2.014993359164971576e-01
4.307460138488731771e-01
5.162595031430828874e-01
2.422540571827184741e-01
1.278716148498593164e-01
2.690353531943469045e-01
2.667006588695703950e-01
1.550475381241615824e-01
1.689884302328293897e-01
2.354253718345044877e-01
4.624700470940222297e-01
5.525051199401592728e-01
1.118745267698270790e-01
1.347182434985751687e-01
3.350244758307666659e-01
1.677089400066573144e-01
5.041710962460318468e-01
2.217633837837517108e-01
3.958186082143050344e-01
2.093621368231015634e-01
2.942268795366901890e-01
1.011260894201189975e-01
8.642987011481551018e-02
2.816505445858649148e-01
1.558806987276039058e-01
3.709198085714177084e-01
1.197219420014955099e-01
5.387464315385037672e-01
7.319348603800496234e-01
1.810553315724308943e-01
1.159244004815950524e-01
3.823091023694521473e-01
3.687488010893344437e-01
2.588517841231811611e-01
3.084198570611488832e-01
5.494841808589847609e-01
1.689473336514475954e-01
1.051408335055978721e-01
1.625396207562425921e-01
4.553987382072431922e-01
5.770970363384264612e-01
4.111910421444208152e-01
6.752841232586079268e-02
4.597748605225138174e-01
2.670604021155595365e-01
2.985572939066963860e-01
6.007098570230787749e-01
4.898354783531501666e-01
2.600990747495714531e-02
2.997424568486578567e-01
3.051496439030203511e-01
7.291551898873339654e-01
1.597742797743419707e-01
2.561487570376800860e-01
1.673425292629804606e-01
4.642776187311575820e-01
3.580259162951384133e-01
4.866238040441587809e-01
6.670890242027662786e-01
1.698566333444374854e-02
1.317125222187405242e-01
9.181916420808532153e-02
1.786054253268656300e-01
2.989999296685613706e-01
4.050742066733327706e-01
4.268035181107038833e-01
4.094183992563902863e-01
3.090192222317298190e-02
2.601544068784389929e-01
3.654180553255136910e-01
1.699993557335277850e-01
3.496004244503522762e-01
6.222949129989852057e-01
3.431381914757355434e-01
3.978880722804923331e-01
3.359680399215306257e-01
9.713744876543695117e-02
9.281201124794203824e-03
2.234369503847920824e-01
7.557535012509623840e-02
5.405893175173213105e-01
2.804763753850871288e-01
5.732171970162341229e-02
5.393490837056117426e-01
7.352050305013806131e-02
4.689448886663348803e-01
3.639885724933060729e-01
4.247312732360771781e-01
4.542150716067077654e-01
2.154357919166559887e-01
4.650666316984752857e-01
1.987807263546256253e-01
5.962062136554801411e-02
1.386357413379646353e-01
1.293792357750472577e-01
2.719862976473767513e-01
2.295527808532585035e-01
7.713421245553689354e-02
6.990255408522566549e-01
1.799064575556838796e-01
3.247940435610197074e-01
4.664857240022823870e-01
3.414990953411393138e-01
8.685320904256771390e-02
3.017138742145730190e-01
2.442378749599348475e-01
3.989020061661318617e-01
3.343735767950996585e-01
1.867756923131193569e-01
1.740583157293057737e-01
8.271662382128808222e-02
3.880662999691790183e-01
4.477204440880807601e-01
4.590789821458904907e-01
2.877380506851290876e-01
4.998699104233395585e-01
3.311275745213337340e-01
4.109874214164994655e-01
4.011436220241874628e-01
3.442883277357742244e-01
2.352470181373851610e-01
1.356235560421193420e-01
5.150807319060974887e-01
3.054103819567642875e-01
2.045082183256779762e-01
3.030443388695945317e-01
4.207725852145217105e-01
1.744844638475452347e-01
2.791427121898452657e-01
4.046002813818221772e-02
2.628501175771818521e-01
3.873973320613808835e-01
2.006622104287611452e-01
3.349266742525605633e-01
3.298454961931653884e-01
5.795648368175206899e-01
4.568096403904388092e-01
1.891475256366205171e-01
4.967028154043370280e-01
4.857866550431914066e-01
1.263852358880984961e-01
2.975658508638769906e-01
2.860360091738688992e-01
2.358957942609332392e-01
6.295712979160120182e-02
1.452980259720669798e-01
2.127163387650051751e-01
2.309369410124647026e-01
6.219085326346147635e-01
2.158497146079553786e-01
2.049686822352446702e-01
4.657772919568917702e-01
5.805056557104283366e-01
5.806918982569451160e-01
1.642933204013884152e-01
2.519092277326940854e-01
3.670195556403440529e-01
5.019551002356531511e-01
1.241404414553650554e-01
1.921269799405600776e-01
3.209465213994946442e-01
1.562478951715726150e-01
4.292650127268796134e-01
1.803193414523285576e-01
2.186822330424050276e-01
6.894841292358587781e-01
2.860960362552756875e-01
1.114810567221533738e-01
2.689641746879790074e-01
4.737628805032093049e-01
4.319272268146936433e-01
2.035156049107378629e-01
2.911521363994147293e-01
1.668744360700171181e-01
1.496931684580930788e-01
1.791430029205103025e-01
3.874745581832499952e-01
5.710321535245374003e-01
4.382890136877211629e-01
2.575205189129920955e-02
2.930619066740555168e-01
2.043200303737777723e-01
2.603140788690345153e-01
1.632452672087971735e-01
1.944516636668034981e-01
5.254634913169135002e-01
2.426238262161515835e-01
1.108524849858664729e-01
4.338033321474215609e-01
2.102978379516482754e-01
4.240805063640753492e-01
4.698963385714310936e-01
2.415805125967071254e-01
2.100198771776242423e-01
1.383021173882530430e-01
6.130993680781207829e-03
4.215438483943381720e-01
2.911842162584720173e-01
1.871443433426713820e-01
5.782050088800938514e-01
2.864685546888064427e-01
4.218899117832246026e-01
2.005631701569817182e-01
3.365349819461749825e-01
3.044291852323365855e-01
3.940125263930182586e-01
5.450939198571833622e-01
1.913757258407678685e-01
2.584597042083120466e-01
1.248114201390315703e-01
2.447548327345337726e-01
4.618686669174796866e-01
-8.392707131352412572e-03
5.686476007584294612e-01
1.696842869751651883e-01
2.772839323284645996e-01
2.388052441598810249e-01
3.094268407560947232e-01
3.814700106366036847e-01
3.761283926404694333e-01
1.076379390419083537e-01
2.058865338043533999e-01
2.945597588293161762e-01
6.175385245828068914e-01
3.994516797116456353e-01
2.213375445225986282e-01
1.376001541718085697e-01
3.696933668587180644e-01
3.161927809082087371e-01
4.175351491971183715e-01
6.768067552688057653e-02
1.555677399582764409e-01
5.405012480917839035e-01
4.997904402792774370e-01
3.288023907157602843e-01
3.969619964985513505e-01
4.855418753112343833e-01
4.979178542099226834e-01
6.057494435662881538e-02
6.025523406599717635e-01
4.339770213772659035e-01
7.089300794526933736e-01
5.933392312476242214e-01
6.262982780131152172e-01
1.359291320251357627e-01
1.754431390825971493e-01
8.581319004752110957e-02
6.837283808418066766e-02
7.233734518063218433e-01
2.586417251381706306e-01
4.741900984197872093e-01
6.893068325433067411e-02
9.711411579219586532e-02
-4.437978879681489519e-03
5.034160122105899582e-01
2.698348079750141348e-01
3.277564756715241057e-01
1.364823361511066924e-01
1.541259640485613258e-01
1.685652437129922798e-01
5.998804429278269124e-02
4.472495778820634316e-01
4.096216080242605639e-01
1.206682497715601959e-01
1.899801763510339525e-01
1.098390568014688817e-01
3.385153781469295020e-01
4.492810218227132057e-02
1.316857114334251122e-01
1.033158000506786689e-01
5.559306244095245653e-01
1.809513431697565289e-01
4.421124743056150525e-02
5.956113816678944017e-01
3.157287244612402843e-01
1.398671278118610029e-01
3.705767477935959509e-01
2.658025013992487695e-01
1.125960727741329437e-01
3.072812619530356781e-01
1.081337881333657852e-01
6.946797897706327163e-01
6.903626084870412294e-02
4.021242661910636729e-01
2.606737658023500770e-01
4.671022807602688565e-02
2.596927435273600482e-01
2.283831303120900935e-01
9.645171788104639488e-02
1.988844309386682552e-01
1.039628865557989668e-01
1.408744643310357869e-01
3.793186388376159623e-01
1.084376042886900787e-01
4.453419767368774207e-01
2.231896544958857920e-01
1.896416201383218925e-01
5.040687431883383862e-01
1.522100997579571846e-01
3.935062204670358721e-01
1.454035786608538217e-01
5.201460141862586095e-01
2.057658917331877529e-03
1.885024643806242628e-01
3.844970172275722908e-01
5.360045079330351125e-01
2.075763129249651173e-01
2.123579036371046058e-01
3.907453187420206198e-01
1.713456577324819208e-01
1.035228105473087051e-01
3.476427511724842212e-01
2.195308093823681861e-01
2.350430835138524466e-01
6.990874646616672683e-01
2.710724911692560246e-01
1.770784365472034272e-01
5.308213873025015017e-01
3.728366999981225782e-01
2.073634038123785828e-01
2.539122603400953415e-01
4.332938882735007935e-01
1.575097137498899513e-01
4.570390380219249149e-01
5.021518808119265209e-01
3.202872924370149255e-01
2.775079275878273855e-01
1.724782717404482468e-01
3.644341523262052407e-01
3.112190229903621375e-01
8.033363096873384623e-02
3.234520743985948577e-01
3.307818785329017519e-01
4.913669616641134219e-01
6.112954846556858945e-02
6.386429065902961000e-01
1.201264122175593058e-01
4.161866275771918255e-01
4.374225125982978413e-01
2.941345980804169757e-01
6.743841666591667838e-01
5.018231685386140839e-01
1.545689049670314619e-01
2.160434279566518512e-01
5.598205255637863642e-01
1.343835020411864867e-01
4.500818608590437808e-01
1.503676581364961629e-01
6.995925326792752363e-01
4.668157361992907872e-01
2.797385696657171961e-01
2.601129132188099713e-01
2.120687360891402098e-02
4.508312561966338894e-01
3.206223584196329912e-01
1.900888364335960590e-01
3.483330496121769260e-01
2.548040211773282548e-01
3.886208364544002092e-01
9.574963323047869235e-02
2.514326156046099991e-01
1.186778593716163004e-02
7.567651869455288560e-02
4.938798124356585939e-01
2.310005623225240001e-01
2.586875757714606761e-01
2.212993315927489213e-01
1.774957375000936477e-01
1.161224111150209459e-01
4.032151826760631552e-01
5.280126506231413303e-02
2.739371322969217371e-01
4.796021682133531638e-01
1.872956115723393433e-01
4.373080154129680430e-01
7.104882142266638612e-01
3.264608863204405131e-01
1.377291095699232637e-01
5.159833723403851186e-02
2.949723665174498466e-01
1.307689027571097284e-01
2.976965320784469293e-01
1.668120632062030373e-01
2.730036290929793719e-01
1.439660959659705419e-01
3.089796572821122411e-01
4.690906336698580370e-01
5.170969590023533069e-01
1.314587960209566697e-01
4.633464479452674700e-01
4.297524895205080964e-01
3.641013288847040896e-01
2.989663873697512853e-01
4.493465137679514276e-01
1.417892885750507981e-01
1.196571332507052193e-02
3.169279246742484069e-01
1.232909013640726692e-01
1.114098372741851167e-01
3.591144215985549448e-01
3.768266015107233358e-01
1.404463420636374027e-01
1.111414186487269529e-01
5.559039532285293683e-01
2.295855161637359310e-01
5.212770925505760822e-01
5.666422151570541660e-02
3.784195716854159564e-01
6.831923081605920101e-02
3.403039181325908658e-01
2.614695275505168337e-01
4.644912187275453963e-01
1.487016853354170276e-01
1.519057929216703628e-01
5.935282007416425865e-01
3.293972978676013713e-02
2.089297984550921028e-01
3.387949852905323689e-01
1.065785286932067755e-01
3.210087346627216176e-01
3.595507176606855815e-01
2.254721111467794525e-01
5.977293127501310394e-02
2.880786557556084260e-01
2.138501050216473354e-01
3.760952158852871596e-01
9.753625916430916365e-02
4.404041062666615991e-01
2.005689055891285155e-01
2.318484845419667151e-01
7.586487647375855792e-02
1.588455071382552652e-01
4.132101710029952857e-01
4.590476623797620781e-01
1.824537530032165900e-01
1.552037364934522601e-01
4.918734283788974704e-01
8.324606416899317518e-02
9.131374229900579564e-02
4.059388383296878011e-01
9.472188035092353464e-02
3.433730555926134409e-02
2.835199230005208126e-01
8.421131597097482324e-02
1.906236946802127297e-01
1.664690430313806868e-01
2.073085419060214096e-01
1.266358964560013733e-01
1.081592485264916970e-01
1.415662524198743888e-01
1.451416452641014487e-01
4.956717932853589303e-01
3.379488129531537655e-01
2.696014893099381027e-01
2.133903452877382867e-01
3.389695245126289613e-01
5.935715326212200882e-01
2.095413970278458549e-01
1.101471173297790679e-01
1.527405530608029471e-01
3.836922722718538736e-01
3.908040013070707697e-01
2.838419685094163425e-01
1.387858073926768743e-01
3.359778744480405033e-01
5.049182281380633075e-01
7.353291887400008331e-02
2.384983996605517242e-01
2.656097619101999152e-01
4.611358899226656316e-01
2.731000668307153045e-01
2.849390728551310370e-01
2.188346172178893823e-01
5.270230041800531007e-01
5.368997594521718320e-01
7.413367056246649156e-01
3.168403827842489751e-01
4.661406205528317859e-01
5.338107253032291499e-01
3.278945621838971203e-01
2.328825927298126264e-01
2.112503202374714506e-01
2.098339353192086865e-01
1.999409845525248752e-01
6.697794421079428240e-01
4.483169734239436099e-01
1.533284944295670305e-01
1.041209097433663383e-01
2.371913334560279973e-01
3.221629306185452846e-01
6.094928918607172008e-01
3.496477042487353137e-01
-6.705556077771688064e-03
